timestep,row_heterogeneity,row_entropy,dobrushin,date
0,0.0,3.4189847,0.0,2020-03-24
1,0.0,3.3704684,0.0,2020-03-25
2,0.0,3.244556,0.0,2020-03-26
3,0.0,3.4232516,0.0,2020-03-27
4,0.0,3.3597007,0.0,2020-03-30
5,0.0,3.5395036,0.0,2020-03-31
6,0.0,3.38505,0.0,2020-04-01
7,0.0,3.526971,0.0,2020-04-02
8,0.0,3.4762723,0.0,2020-04-03
9,0.0,3.4377778,0.0,2020-04-06
10,0.0,3.4690924,0.0,2020-04-07
11,0.0,3.4724832,0.0,2020-04-08
12,0.0,3.4868875,0.0,2020-04-09
13,0.0,3.3742614,0.0,2020-04-13
14,0.0,3.5289183,0.0,2020-04-14
15,0.0,3.306888,0.0,2020-04-15
16,0.0,3.4335053,0.0,2020-04-16
17,0.0,3.3684983,0.0,2020-04-17
18,0.0,3.3438752,0.0,2020-04-20
19,0.0,3.4225068,0.0,2020-04-21
20,0.0,3.5070848,0.0,2020-04-22
21,0.0,3.5403686,0.0,2020-04-23
22,0.0,3.5390742,0.0,2020-04-24
23,0.0,3.4849536,0.0,2020-04-27
24,0.0,3.4142427,0.0,2020-04-28
25,0.0,3.4232638,0.0,2020-04-29
26,0.0,3.4493015,0.0,2020-04-30
27,0.0,3.4637012,0.0,2020-05-01
28,0.0,3.3797035,0.0,2020-05-04
29,0.0,3.4912825,0.0,2020-05-05
30,0.0,3.474262,0.0,2020-05-06
31,0.0,3.5348117,0.0,2020-05-07
32,0.0,3.531284,0.0,2020-05-08
33,0.0,3.5294445,0.0,2020-05-11
34,0.0,3.5280304,0.0,2020-05-12
35,0.0,3.414113,0.0,2020-05-13
36,0.0,3.3605816,0.0,2020-05-14
37,0.0,3.510052,0.0,2020-05-15
38,0.0,3.4824238,0.0,2020-05-18
39,0.0,3.3459272,0.0,2020-05-19
40,0.0,3.4996507,0.0,2020-05-20
41,0.0,3.535834,0.0,2020-05-21
42,0.0,3.4933336,0.0,2020-05-22
43,0.0,3.5197468,0.0,2020-05-26
44,0.0,3.43426,0.0,2020-05-27
45,0.0,3.4293218,0.0,2020-05-28
46,0.0,3.4101684,0.0,2020-05-29
47,0.0,3.510157,0.0,2020-06-01
48,0.0,3.544937,0.0,2020-06-02
49,0.0,3.510614,0.0,2020-06-03
50,0.0,3.4962616,0.0,2020-06-04
51,0.0,3.497162,0.0,2020-06-05
52,0.0,3.503677,0.0,2020-06-08
53,0.0,3.4992692,0.0,2020-06-09
54,0.0,3.5405693,0.0,2020-06-10
55,0.0,3.523634,0.0,2020-06-11
56,0.0,3.3980236,0.0,2020-06-12
57,0.0,3.4330072,0.0,2020-06-15
58,0.0,3.5099058,0.0,2020-06-16
59,0.0,3.5056462,0.0,2020-06-17
60,0.0,3.5403337,0.0,2020-06-18
61,0.0,3.5416749,0.0,2020-06-19
62,0.0,3.544529,0.0,2020-06-22
63,0.0,3.5444155,0.0,2020-06-23
64,0.0,3.5395055,0.0,2020-06-24
65,0.0,3.5373268,0.0,2020-06-25
66,0.0,3.5402007,0.0,2020-06-26
67,0.0,3.5182652,0.0,2020-06-29
68,0.0,3.5233016,0.0,2020-06-30
69,0.0,3.5413694,0.0,2020-07-01
70,0.0,3.5363903,0.0,2020-07-02
71,0.0,3.537523,0.0,2020-07-06
72,0.0,3.5404482,0.0,2020-07-07
73,0.0,3.544551,0.0,2020-07-08
74,0.0,3.5289814,0.0,2020-07-09
75,0.0,3.5150807,0.0,2020-07-10
76,0.0,3.5370905,0.0,2020-07-13
77,0.0,3.5408,0.0,2020-07-14
78,0.0,3.508231,0.0,2020-07-15
79,0.0,3.5395613,0.0,2020-07-16
80,0.0,3.5466464,0.0,2020-07-17
81,0.0,3.5053897,0.0,2020-07-20
82,0.0,3.5338266,0.0,2020-07-21
83,0.0,3.5452487,0.0,2020-07-22
84,0.0,3.540741,0.0,2020-07-23
85,0.0,3.5424073,0.0,2020-07-24
86,0.0,3.5464716,0.0,2020-07-27
87,0.0,3.475328,0.0,2020-07-28
88,0.0,3.5390384,0.0,2020-07-29
89,0.0,3.5400524,0.0,2020-07-30
90,0.0,3.5170293,0.0,2020-07-31
91,0.0,3.542123,0.0,2020-08-03
92,0.0,3.5436735,0.0,2020-08-04
93,0.0,3.5454717,0.0,2020-08-05
94,0.0,3.5130374,0.0,2020-08-06
95,0.0,3.5436287,0.0,2020-08-07
96,0.0,3.4779036,0.0,2020-08-10
97,0.0,3.5244865,0.0,2020-08-11
98,0.0,3.5252485,0.0,2020-08-12
99,0.0,3.5306349,0.0,2020-08-13
100,0.0,3.4908123,0.0,2020-08-14
101,0.0,3.4907207,0.0,2020-08-17
102,0.0,3.5426955,0.0,2020-08-18
103,0.0,3.5408788,0.0,2020-08-19
104,0.0,3.543737,0.0,2020-08-20
105,0.0,3.5034149,0.0,2020-08-21
106,0.0,3.5201566,0.0,2020-08-24
107,0.0,3.5392258,0.0,2020-08-25
108,0.0,3.5343678,0.0,2020-08-26
109,0.0,3.5148027,0.0,2020-08-27
110,0.0,3.4855087,0.0,2020-08-28
111,0.0,3.533185,0.0,2020-08-31
112,0.0,3.535983,0.0,2020-09-01
113,0.0,3.5384862,0.0,2020-09-02
114,0.0,3.5430665,0.0,2020-09-03
115,0.0,3.498759,0.0,2020-09-04
116,0.0,3.496096,0.0,2020-09-08
117,0.0,3.5064938,0.0,2020-09-09
118,0.0,3.5433083,0.0,2020-09-10
119,0.0,3.5289984,0.0,2020-09-11
120,0.0,3.5420816,0.0,2020-09-14
121,0.0,3.538655,0.0,2020-09-15
122,0.0,3.5353093,0.0,2020-09-16
123,0.0,3.5476985,0.0,2020-09-17
124,0.0,3.5455065,0.0,2020-09-18
125,0.0,3.5388908,0.0,2020-09-21
126,0.0,3.5363326,0.0,2020-09-22
127,0.0,3.538934,0.0,2020-09-23
128,0.0,3.5360959,0.0,2020-09-24
129,0.0,3.5408492,0.0,2020-09-25
130,0.0,3.5111234,0.0,2020-09-28
131,0.0,3.5151691,0.0,2020-09-29
132,0.0,3.4524355,0.0,2020-09-30
133,0.0,3.3991256,0.0,2020-10-01
134,0.0,3.5010557,0.0,2020-10-02
135,0.0,3.421483,0.0,2020-10-05
136,0.0,3.4974806,0.0,2020-10-06
137,0.0,3.4393644,0.0,2020-10-07
138,0.0,3.42631,0.0,2020-10-08
139,0.0,3.467127,0.0,2020-10-09
140,0.0,3.4435897,0.0,2020-10-12
141,0.0,3.4634364,0.0,2020-10-13
142,0.0,3.5277622,0.0,2020-10-14
143,0.0,3.5417774,0.0,2020-10-15
144,0.0,3.5416112,0.0,2020-10-16
145,0.0,3.4365678,0.0,2020-10-19
146,0.0,3.5200684,0.0,2020-10-20
147,0.0,3.5159473,0.0,2020-10-21
148,0.0,3.5430758,0.0,2020-10-22
149,0.0,3.53589,0.0,2020-10-23
150,0.0,3.5477877,0.0,2020-10-26
151,0.0,3.5415068,0.0,2020-10-27
152,0.0,3.5118272,0.0,2020-10-28
153,0.0,3.5251672,0.0,2020-10-29
154,0.0,3.4987214,0.0,2020-10-30
155,0.0,3.5468917,0.0,2020-11-02
156,0.0,3.4984143,0.0,2020-11-03
157,0.0,3.4945514,0.0,2020-11-04
158,0.0,3.4912808,0.0,2020-11-05
159,0.0,3.5301533,0.0,2020-11-06
160,0.0,3.4817348,0.0,2020-11-09
161,0.0,3.478816,0.0,2020-11-10
162,0.0,3.527762,0.0,2020-11-11
163,0.0,3.4853928,0.0,2020-11-12
164,0.0,3.4982014,0.0,2020-11-13
165,0.0,3.538859,0.0,2020-11-16
166,0.0,3.5428755,0.0,2020-11-17
167,0.0,3.4928322,0.0,2020-11-18
168,0.0,3.5110717,0.0,2020-11-19
169,0.0,3.5321195,0.0,2020-11-20
170,0.0,3.5227318,0.0,2020-11-23
171,0.0,3.5438278,0.0,2020-11-24
172,0.0,3.538035,0.0,2020-11-25
173,0.0,3.4986384,0.0,2020-11-27
174,0.0,3.5112197,0.0,2020-11-30
175,0.0,3.5036592,0.0,2020-12-01
176,0.0,3.5317926,0.0,2020-12-02
177,0.0,3.531416,0.0,2020-12-03
178,0.0,3.5374107,0.0,2020-12-04
179,0.0,3.5451608,0.0,2020-12-07
180,0.0,3.5121064,0.0,2020-12-08
181,0.0,3.517134,0.0,2020-12-09
182,0.0,3.528769,0.0,2020-12-10
183,0.0,3.4787583,0.0,2020-12-11
184,0.0,3.5417333,0.0,2020-12-14
185,0.0,3.5165417,0.0,2020-12-15
186,0.0,3.5248263,0.0,2020-12-16
187,0.0,3.5349984,0.0,2020-12-17
188,0.0,3.5379963,0.0,2020-12-18
189,0.0,3.4622164,0.0,2020-12-21
190,0.0,3.524584,0.0,2020-12-22
191,0.0,3.522273,0.0,2020-12-23
192,0.0,3.5124466,0.0,2020-12-24
193,0.0,3.5351121,0.0,2020-12-28
194,0.0,3.535382,0.0,2020-12-29
195,0.0,3.5093641,0.0,2020-12-30
196,0.0,3.5344915,0.0,2020-12-31
197,0.0,3.5459273,0.0,2021-01-04
198,0.0,3.526355,0.0,2021-01-05
199,0.0,3.5338252,0.0,2021-01-06
200,0.0,3.504091,0.0,2021-01-07
201,0.0,3.5109775,0.0,2021-01-08
202,0.0,3.4856658,0.0,2021-01-11
203,0.0,3.505252,0.0,2021-01-12
204,0.0,3.5244737,0.0,2021-01-13
205,0.0,3.4950726,0.0,2021-01-14
206,0.0,3.519957,0.0,2021-01-15
207,0.0,3.5051458,0.0,2021-01-19
208,0.0,3.5077553,0.0,2021-01-20
209,0.0,3.5114048,0.0,2021-01-21
210,0.0,3.471746,0.0,2021-01-22
211,0.0,3.532549,0.0,2021-01-25
212,0.0,3.5383306,0.0,2021-01-26
213,0.0,3.537683,0.0,2021-01-27
214,0.0,3.5375888,0.0,2021-01-28
215,0.0,3.5177336,0.0,2021-01-29
216,0.0,3.531184,0.0,2021-02-01
217,0.0,3.5279746,0.0,2021-02-02
218,0.0,3.5407445,0.0,2021-02-03
219,0.0,3.5379472,0.0,2021-02-04
220,0.0,3.5220063,0.0,2021-02-05
221,0.0,3.5291948,0.0,2021-02-08
222,0.0,3.5433803,0.0,2021-02-09
223,0.0,3.519957,0.0,2021-02-10
224,0.0,3.5238209,0.0,2021-02-11
225,0.0,3.4965086,0.0,2021-02-12
226,0.0,3.4722254,0.0,2021-02-16
227,0.0,3.522018,0.0,2021-02-17
228,0.0,3.5054781,0.0,2021-02-18
229,0.0,3.4971166,0.0,2021-02-19
230,0.0,3.5059783,0.0,2021-02-22
231,0.0,3.4823909,0.0,2021-02-23
232,0.0,3.4665632,0.0,2021-02-24
233,0.0,3.5448625,0.0,2021-02-25
234,0.0,3.4994526,0.0,2021-02-26
235,0.0,3.4660983,0.0,2021-03-01
236,0.0,3.523417,0.0,2021-03-02
237,0.0,3.4839625,0.0,2021-03-03
238,0.0,3.5000286,0.0,2021-03-04
239,0.0,3.39356,0.0,2021-03-05
240,0.0,3.459329,0.0,2021-03-08
241,0.0,3.4983678,0.0,2021-03-09
242,0.0,3.409515,0.0,2021-03-10
243,0.0,3.481125,0.0,2021-03-11
244,0.0,3.3813832,0.0,2021-03-12
245,0.0,3.4303906,0.0,2021-03-15
246,0.0,3.483827,0.0,2021-03-16
247,0.0,3.386698,0.0,2021-03-17
248,0.0,3.4775107,0.0,2021-03-18
249,0.0,3.4200985,0.0,2021-03-19
250,0.0,3.4250307,0.0,2021-03-22
251,0.0,3.4913325,0.0,2021-03-23
252,0.0,3.4457335,0.0,2021-03-24
253,0.0,3.5280113,0.0,2021-03-25
254,0.0,3.4873607,0.0,2021-03-26
255,0.0,3.49064,0.0,2021-03-29
256,0.0,3.4057164,0.0,2021-03-30
257,0.0,3.5048263,0.0,2021-03-31
258,0.0,3.4278612,0.0,2021-04-01
259,0.0,3.4936576,0.0,2021-04-05
260,0.0,3.5063872,0.0,2021-04-06
261,0.0,3.437541,0.0,2021-04-07
262,0.0,3.500369,0.0,2021-04-08
263,0.0,3.4231858,0.0,2021-04-09
264,0.0,3.451655,0.0,2021-04-12
265,0.0,3.4924555,0.0,2021-04-13
266,0.0,3.5294476,0.0,2021-04-14
267,0.0,3.5322998,0.0,2021-04-15
268,0.0,3.4652927,0.0,2021-04-16
269,0.0,3.5218544,0.0,2021-04-19
270,0.0,3.4509687,0.0,2021-04-20
271,0.0,3.5205517,0.0,2021-04-21
272,0.0,3.5041718,0.0,2021-04-22
273,0.0,3.4472718,0.0,2021-04-23
274,0.0,3.4724581,0.0,2021-04-26
275,0.0,3.4605463,0.0,2021-04-27
276,0.0,3.4567757,0.0,2021-04-28
277,0.0,3.4152946,0.0,2021-04-29
278,0.0,3.444244,0.0,2021-04-30
279,0.0,3.4116912,0.0,2021-05-03
280,0.0,3.4232278,0.0,2021-05-04
281,0.0,3.4576259,0.0,2021-05-05
282,0.0,3.462675,0.0,2021-05-06
283,0.0,3.4498916,0.0,2021-05-07
284,0.0,3.4164593,0.0,2021-05-10
285,0.0,3.4367201,0.0,2021-05-11
286,0.0,3.4422503,0.0,2021-05-12
287,0.0,3.438709,0.0,2021-05-13
288,0.0,3.437315,0.0,2021-05-14
289,0.0,3.4595082,0.0,2021-05-17
290,0.0,3.4447377,0.0,2021-05-18
291,0.0,3.4548206,0.0,2021-05-19
292,0.0,3.5184796,0.0,2021-05-20
293,0.0,3.5144658,0.0,2021-05-21
294,0.0,3.4627445,0.0,2021-05-24
295,0.0,3.4555168,0.0,2021-05-25
296,0.0,3.4467673,0.0,2021-05-26
297,0.0,3.4693909,0.0,2021-05-27
298,0.0,3.4212523,0.0,2021-05-28
299,0.0,3.4075406,0.0,2021-06-01
300,0.0,3.4708526,0.0,2021-06-02
301,0.0,3.4163084,0.0,2021-06-03
302,0.0,3.4198065,0.0,2021-06-04
303,0.0,3.4305928,0.0,2021-06-07
304,0.0,3.4741547,0.0,2021-06-08
305,0.0,3.4739366,0.0,2021-06-09
306,0.0,3.5005374,0.0,2021-06-10
307,0.0,3.4134307,0.0,2021-06-11
308,0.0,3.4671679,0.0,2021-06-14
309,0.0,3.4544811,0.0,2021-06-15
310,0.0,3.4881706,0.0,2021-06-16
311,0.0,3.4352143,0.0,2021-06-17
312,0.0,3.4925995,0.0,2021-06-18
313,0.0,3.5409846,0.0,2021-06-21
314,0.0,3.4768798,0.0,2021-06-22
315,0.0,3.4905365,0.0,2021-06-23
316,0.0,3.4873896,0.0,2021-06-24
317,0.0,3.4985108,0.0,2021-06-25
318,0.0,3.4589992,0.0,2021-06-28
319,0.0,3.4281723,0.0,2021-06-29
320,0.0,3.4206388,0.0,2021-06-30
321,0.0,3.4282823,0.0,2021-07-01
322,0.0,3.4852934,0.0,2021-07-02
323,0.0,3.482514,0.0,2021-07-06
324,0.0,3.454256,0.0,2021-07-07
325,0.0,3.472548,0.0,2021-07-08
326,0.0,3.4331172,0.0,2021-07-09
327,0.0,3.4520993,0.0,2021-07-12
328,0.0,3.4477043,0.0,2021-07-13
329,0.0,3.409037,0.0,2021-07-14
330,0.0,3.4392552,0.0,2021-07-15
331,0.0,3.4307985,0.0,2021-07-16
332,0.0,3.4196002,0.0,2021-07-19
333,0.0,3.439383,0.0,2021-07-20
334,0.0,3.5138192,0.0,2021-07-21
335,0.0,3.5035615,0.0,2021-07-22
336,0.0,3.455731,0.0,2021-07-23
337,0.0,3.4281173,0.0,2021-07-26
338,0.0,3.4454768,0.0,2021-07-27
339,0.0,3.4533677,0.0,2021-07-28
340,0.0,3.4572299,0.0,2021-07-29
341,0.0,3.47308,0.0,2021-07-30
342,0.0,3.4077132,0.0,2021-08-02
343,0.0,3.4226022,0.0,2021-08-03
344,0.0,3.4313185,0.0,2021-08-04
345,0.0,3.4986966,0.0,2021-08-05
346,0.0,3.4483833,0.0,2021-08-06
347,0.0,3.472226,0.0,2021-08-09
348,0.0,3.44476,0.0,2021-08-10
349,0.0,3.4800782,0.0,2021-08-11
350,0.0,3.5041351,0.0,2021-08-12
351,0.0,3.5114937,0.0,2021-08-13
352,0.0,3.4943116,0.0,2021-08-16
353,0.0,3.4937387,0.0,2021-08-17
354,0.0,3.4166362,0.0,2021-08-18
355,0.0,3.487854,0.0,2021-08-19
356,0.0,3.5282257,0.0,2021-08-20
357,0.0,3.538891,0.0,2021-08-23
358,0.0,3.4773154,0.0,2021-08-24
359,0.0,3.4620667,0.0,2021-08-25
360,0.0,3.5035148,0.0,2021-08-26
361,0.0,3.5224576,0.0,2021-08-27
362,0.0,3.5350835,0.0,2021-08-30
363,0.0,3.5125833,0.0,2021-08-31
364,0.0,3.4779496,0.0,2021-09-01
365,0.0,3.4919672,0.0,2021-09-02
366,0.0,3.5339644,0.0,2021-09-03
367,0.0,3.5215,0.0,2021-09-07
368,0.0,3.496821,0.0,2021-09-08
369,0.0,3.505292,0.0,2021-09-09
370,0.0,3.4742954,0.0,2021-09-10
371,0.0,3.5138805,0.0,2021-09-13
372,0.0,3.4888184,0.0,2021-09-14
373,0.0,3.485475,0.0,2021-09-15
374,0.0,3.419562,0.0,2021-09-16
375,0.0,3.4660642,0.0,2021-09-17
376,0.0,3.4624805,0.0,2021-09-20
377,0.0,3.4311306,0.0,2021-09-21
378,0.0,3.428823,0.0,2021-09-22
379,0.0,3.402584,0.0,2021-09-23
380,0.0,3.457719,0.0,2021-09-24
381,0.0,3.4401522,0.0,2021-09-27
382,0.0,3.483827,0.0,2021-09-28
383,0.0,3.4730515,0.0,2021-09-29
384,0.0,3.5194097,0.0,2021-09-30
385,0.0,3.392826,0.0,2021-10-01
386,0.0,3.453259,0.0,2021-10-04
387,0.0,3.416457,0.0,2021-10-05
388,0.0,3.4392972,0.0,2021-10-06
389,0.0,3.4148307,0.0,2021-10-07
390,0.0,3.4518702,0.0,2021-10-08
391,0.0,3.460085,0.0,2021-10-11
392,0.0,3.4219224,0.0,2021-10-12
393,0.0,3.4355178,0.0,2021-10-13
394,0.0,3.4234192,0.0,2021-10-14
395,0.0,3.4109297,0.0,2021-10-15
396,0.0,3.4571376,0.0,2021-10-18
397,0.0,3.4316895,0.0,2021-10-19
398,0.0,3.4504967,0.0,2021-10-20
399,0.0,3.4846833,0.0,2021-10-21
400,0.0,3.401492,0.0,2021-10-22
401,0.0,3.5004838,0.0,2021-10-25
402,0.0,3.4520295,0.0,2021-10-26
403,0.0,3.4643712,0.0,2021-10-27
404,0.0,3.535997,0.0,2021-10-28
405,0.0,3.5384095,0.0,2021-10-29
406,0.0,3.5429888,0.0,2021-11-01
407,0.0,3.5304875,0.0,2021-11-02
408,0.0,3.546632,0.0,2021-11-03
409,0.0,3.5030074,0.0,2021-11-04
410,0.0,3.5330746,0.0,2021-11-05
411,0.0,3.524383,0.0,2021-11-08
412,0.0,3.4999578,0.0,2021-11-09
413,0.0,3.4852161,0.0,2021-11-10
414,0.0,3.4932833,0.0,2021-11-11
415,0.0,3.4546103,0.0,2021-11-12
416,0.0,3.5049503,0.0,2021-11-15
417,0.0,3.4550223,0.0,2021-11-16
418,0.0,3.4866226,0.0,2021-11-17
419,0.0,3.5029705,0.0,2021-11-18
420,0.0,3.5098133,0.0,2021-11-19
421,0.0,3.540506,0.0,2021-11-22
422,0.0,3.4612072,0.0,2021-11-23
423,0.0,3.5209024,0.0,2021-11-24
424,0.0,3.4643133,0.0,2021-11-26
425,0.0,3.4685416,0.0,2021-11-29
426,0.0,3.4277685,0.0,2021-11-30
427,0.0,3.447412,0.0,2021-12-01
428,0.0,3.4288766,0.0,2021-12-02
429,0.0,3.5064762,0.0,2021-12-03
430,0.0,3.4155362,0.0,2021-12-06
431,0.0,3.4974844,0.0,2021-12-07
432,0.0,3.524795,0.0,2021-12-08
433,0.0,3.4578362,0.0,2021-12-09
434,0.0,3.4778311,0.0,2021-12-10
435,0.0,3.5165832,0.0,2021-12-13
436,0.0,3.4720795,0.0,2021-12-14
437,0.0,3.4811912,0.0,2021-12-15
438,0.0,3.5389314,0.0,2021-12-16
439,0.0,3.533307,0.0,2021-12-17
440,0.0,3.4765165,0.0,2021-12-20
441,0.0,3.5384831,0.0,2021-12-21
442,0.0,3.5370064,0.0,2021-12-22
443,0.0,3.5439482,0.0,2021-12-23
444,0.0,3.53122,0.0,2021-12-27
445,0.0,3.540021,0.0,2021-12-28
446,0.0,3.5298305,0.0,2021-12-29
447,0.0,3.5338929,0.0,2021-12-30
448,0.0,3.5338748,0.0,2021-12-31
449,0.0,3.5398731,0.0,2022-01-03
450,0.0,3.5286765,0.0,2022-01-04
451,0.0,3.5261734,0.0,2022-01-05
452,0.0,3.5124187,0.0,2022-01-06
453,0.0,3.5315642,0.0,2022-01-07
454,0.0,3.5285003,0.0,2022-01-10
455,0.0,3.4994504,0.0,2022-01-11
456,0.0,3.535921,0.0,2022-01-12
457,0.0,3.541385,0.0,2022-01-13
458,0.0,3.5361526,0.0,2022-01-14
459,0.0,3.545453,0.0,2022-01-18
460,0.0,3.5337434,0.0,2022-01-19
461,0.0,3.5158975,0.0,2022-01-20
462,0.0,3.5252223,0.0,2022-01-21
463,0.0,3.5097182,0.0,2022-01-24
464,0.0,3.5365756,0.0,2022-01-25
465,0.0,3.4869406,0.0,2022-01-26
466,0.0,3.495978,0.0,2022-01-27
467,0.0,3.428818,0.0,2022-01-28
468,0.0,3.4466276,0.0,2022-01-31
469,0.0,3.4440033,0.0,2022-02-01
470,0.0,3.5024147,0.0,2022-02-02
471,0.0,3.4569755,0.0,2022-02-03
472,0.0,3.4449146,0.0,2022-02-04
473,0.0,3.4567568,0.0,2022-02-07
474,0.0,3.416935,0.0,2022-02-08
475,0.0,3.3751237,0.0,2022-02-09
476,0.0,3.489889,0.0,2022-02-10
477,0.0,3.4520874,0.0,2022-02-11
478,0.0,3.4053943,0.0,2022-02-14
479,0.0,3.5374415,0.0,2022-02-15
480,0.0,3.5030246,0.0,2022-02-16
481,0.0,3.526239,0.0,2022-02-17
482,0.0,3.5110717,0.0,2022-02-18
483,0.0,3.5411055,0.0,2022-02-22
484,0.0,3.5385833,0.0,2022-02-23
485,0.0,3.5399125,0.0,2022-02-24
486,0.0,3.5444434,0.0,2022-02-25
487,0.0,3.5336545,0.0,2022-02-28
488,0.0,3.517846,0.0,2022-03-01
489,0.0,3.53501,0.0,2022-03-02
490,0.0,3.5176053,0.0,2022-03-03
491,0.0,3.5378811,0.0,2022-03-04
492,0.0,3.481461,0.0,2022-03-07
493,0.0,3.5114763,0.0,2022-03-08
494,0.0,3.538411,0.0,2022-03-09
495,0.0,3.5404189,0.0,2022-03-10
496,0.0,3.5356464,0.0,2022-03-11
497,0.0,3.511621,0.0,2022-03-14
498,0.0,3.5018163,0.0,2022-03-15
499,0.0,3.5403326,0.0,2022-03-16
500,0.0,3.5362806,0.0,2022-03-17
501,0.0,3.507207,0.0,2022-03-18
502,0.0,3.5428448,0.0,2022-03-21
503,0.0,3.494968,0.0,2022-03-22
504,0.0,3.5361598,0.0,2022-03-23
505,0.0,3.5342546,0.0,2022-03-24
506,0.0,3.5314088,0.0,2022-03-25
507,0.0,3.500622,0.0,2022-03-28
508,0.0,3.407732,0.0,2022-03-29
509,0.0,3.4704704,0.0,2022-03-30
510,0.0,3.4649775,0.0,2022-03-31
511,0.0,3.5097368,0.0,2022-04-01
512,0.0,3.4628956,0.0,2022-04-04
513,0.0,3.5302854,0.0,2022-04-05
514,0.0,3.513309,0.0,2022-04-06
515,0.0,3.4616737,0.0,2022-04-07
516,0.0,3.4321353,0.0,2022-04-08
517,0.0,3.4314792,0.0,2022-04-11
518,0.0,3.4933288,0.0,2022-04-12
519,0.0,3.453902,0.0,2022-04-13
520,0.0,3.4968128,0.0,2022-04-14
521,0.0,3.3900082,0.0,2022-04-18
522,0.0,3.4594002,0.0,2022-04-19
523,0.0,3.364015,0.0,2022-04-20
524,0.0,3.3972106,0.0,2022-04-21
525,0.0,3.4810193,0.0,2022-04-22
526,0.0,3.420622,0.0,2022-04-25
527,0.0,3.5168877,0.0,2022-04-26
528,0.0,3.3742576,0.0,2022-04-27
529,0.0,3.435657,0.0,2022-04-28
530,0.0,3.4686646,0.0,2022-04-29
531,0.0,3.4607515,0.0,2022-05-02
532,0.0,3.517207,0.0,2022-05-03
533,0.0,3.4919412,0.0,2022-05-04
534,0.0,3.5280437,0.0,2022-05-05
535,0.0,3.4918215,0.0,2022-05-06
536,0.0,3.5077069,0.0,2022-05-09
537,0.0,3.5047104,0.0,2022-05-10
538,0.0,3.5346885,0.0,2022-05-11
539,0.0,3.5045319,0.0,2022-05-12
540,0.0,3.45719,0.0,2022-05-13
541,0.0,3.5004761,0.0,2022-05-16
542,0.0,3.4518487,0.0,2022-05-17
543,0.0,3.393931,0.0,2022-05-18
544,0.0,3.4624007,0.0,2022-05-19
545,0.0,3.3328123,0.0,2022-05-20
546,0.0,3.4798765,0.0,2022-05-23
547,0.0,3.4417634,0.0,2022-05-24
548,0.0,3.3552248,0.0,2022-05-25
549,0.0,3.3723657,0.0,2022-05-26
550,0.0,3.486125,0.0,2022-05-27
551,0.0,3.461746,0.0,2022-05-31
552,0.0,3.4314783,0.0,2022-06-01
553,0.0,3.413272,0.0,2022-06-02
554,0.0,3.4479997,0.0,2022-06-03
555,0.0,3.397595,0.0,2022-06-06
556,0.0,3.5071156,0.0,2022-06-07
557,0.0,3.4629042,0.0,2022-06-08
558,0.0,3.4926112,0.0,2022-06-09
559,0.0,3.4878654,0.0,2022-06-10
560,0.0,3.505904,0.0,2022-06-13
561,0.0,3.5090923,0.0,2022-06-14
562,0.0,3.452132,0.0,2022-06-15
563,0.0,3.4943995,0.0,2022-06-16
564,0.0,3.4274619,0.0,2022-06-17
565,0.0,3.4600222,0.0,2022-06-21
566,0.0,3.5294805,0.0,2022-06-22
567,0.0,3.5411289,0.0,2022-06-23
568,0.0,3.5210943,0.0,2022-06-24
569,0.0,3.508816,0.0,2022-06-27
570,0.0,3.524054,0.0,2022-06-28
571,0.0,3.5296822,0.0,2022-06-29
572,0.0,3.4653013,0.0,2022-06-30
573,0.0,3.4096801,0.0,2022-07-01
574,0.0,3.4647262,0.0,2022-07-05
575,0.0,3.5222163,0.0,2022-07-06
576,0.0,3.540429,0.0,2022-07-07
577,0.0,3.5239122,0.0,2022-07-08
578,0.0,3.506102,0.0,2022-07-11
579,0.0,3.5012534,0.0,2022-07-12
580,0.0,3.540761,0.0,2022-07-13
581,0.0,3.4994037,0.0,2022-07-14
582,0.0,3.493822,0.0,2022-07-15
583,0.0,3.4572887,0.0,2022-07-18
584,0.0,3.5405154,0.0,2022-07-19
585,0.0,3.539851,0.0,2022-07-20
586,0.0,3.5261183,0.0,2022-07-21
587,0.0,3.5379128,0.0,2022-07-22
588,0.0,3.5129292,0.0,2022-07-25
589,0.0,3.4966755,0.0,2022-07-26
590,0.0,3.4817111,0.0,2022-07-27
591,0.0,3.5355108,0.0,2022-07-28
592,0.0,3.4687362,0.0,2022-07-29
593,0.0,3.4415915,0.0,2022-08-01
594,0.0,3.4861047,0.0,2022-08-02
595,0.0,3.5099761,0.0,2022-08-03
596,0.0,3.5063293,0.0,2022-08-04
597,0.0,3.4833074,0.0,2022-08-05
598,0.0,3.433502,0.0,2022-08-08
599,0.0,3.492382,0.0,2022-08-09
600,0.0,3.4645643,0.0,2022-08-10
601,0.0,3.4825225,0.0,2022-08-11
602,0.0,3.4526582,0.0,2022-08-12
603,0.0,3.4693708,0.0,2022-08-15
604,0.0,3.4506543,0.0,2022-08-16
605,0.0,3.4738436,0.0,2022-08-17
606,0.0,3.4773588,0.0,2022-08-18
607,0.0,3.5188768,0.0,2022-08-19
608,0.0,3.434023,0.0,2022-08-22
609,0.0,3.4916413,0.0,2022-08-23
610,0.0,3.412186,0.0,2022-08-24
611,0.0,3.4275036,0.0,2022-08-25
612,0.0,3.3989308,0.0,2022-08-26
613,0.0,3.3829398,0.0,2022-08-29
614,0.0,3.3900619,0.0,2022-08-30
615,0.0,3.2949486,0.0,2022-08-31
616,0.0,3.3978004,0.0,2022-09-01
617,0.0,3.3705075,0.0,2022-09-02
618,0.0,3.351286,0.0,2022-09-06
619,0.0,3.3813024,0.0,2022-09-07
620,0.0,3.3321698,0.0,2022-09-08
621,0.0,3.2952561,0.0,2022-09-09
622,0.0,3.329988,0.0,2022-09-12
623,0.0,3.390947,0.0,2022-09-13
624,0.0,3.3912687,0.0,2022-09-14
625,0.0,3.361659,0.0,2022-09-15
626,0.0,3.143128,0.0,2022-09-16
627,0.0,3.3642092,0.0,2022-09-19
628,0.0,3.454042,0.0,2022-09-20
629,0.0,3.000168,0.0,2022-09-21
630,0.0,3.3410778,0.0,2022-09-22
631,0.0,3.1294994,0.0,2022-09-23
632,0.0,3.2981598,0.0,2022-09-26
633,0.0,3.157306,0.0,2022-09-27
634,0.0,3.3670685,0.0,2022-09-28
635,0.0,3.4427733,0.0,2022-09-29
636,0.0,3.3969438,0.0,2022-09-30
637,0.0,3.4893405,0.0,2022-10-03
638,0.0,3.4779658,0.0,2022-10-04
639,0.0,3.47405,0.0,2022-10-05
640,0.0,3.4888067,0.0,2022-10-06
641,0.0,3.4864602,0.0,2022-10-07
642,0.0,3.3505604,0.0,2022-10-10
643,0.0,3.3520472,0.0,2022-10-11
644,0.0,3.3697696,0.0,2022-10-12
645,0.0,3.334854,0.0,2022-10-13
646,0.0,3.4154387,0.0,2022-10-14
647,0.0,3.439986,0.0,2022-10-17
648,0.0,3.4497697,0.0,2022-10-18
649,0.0,3.4586687,0.0,2022-10-19
650,0.0,3.4637585,0.0,2022-10-20
651,0.0,3.508769,0.0,2022-10-21
652,0.0,3.430203,0.0,2022-10-24
653,0.0,3.482044,0.0,2022-10-25
654,0.0,3.5159588,0.0,2022-10-26
655,0.0,3.4725473,0.0,2022-10-27
656,0.0,3.4682527,0.0,2022-10-28
657,0.0,3.4997675,0.0,2022-10-31
658,0.0,3.5103884,0.0,2022-11-01
659,0.0,3.4172835,0.0,2022-11-02
660,0.0,3.5060134,0.0,2022-11-03
661,0.0,3.4875338,0.0,2022-11-04
662,0.0,3.4714656,0.0,2022-11-07
663,0.0,3.433661,0.0,2022-11-08
664,0.0,3.4801064,0.0,2022-11-09
665,0.0,3.3564024,0.0,2022-11-10
666,0.0,3.493596,0.0,2022-11-11
667,0.0,3.4447465,0.0,2022-11-14
668,0.0,3.5217857,0.0,2022-11-15
669,0.0,3.476652,0.0,2022-11-16
670,0.0,3.4897647,0.0,2022-11-17
671,0.0,3.5005662,0.0,2022-11-18
672,0.0,3.5092654,0.0,2022-11-21
673,0.0,3.490416,0.0,2022-11-22
674,0.0,3.3735163,0.0,2022-11-23
675,0.0,3.435927,0.0,2022-11-25
676,0.0,3.4202623,0.0,2022-11-28
677,0.0,3.4386714,0.0,2022-11-29
678,0.0,3.4450257,0.0,2022-11-30
679,0.0,3.3779707,0.0,2022-12-01
680,0.0,3.4768095,0.0,2022-12-02
681,0.0,3.4043832,0.0,2022-12-05
682,0.0,3.4200943,0.0,2022-12-06
683,0.0,3.452344,0.0,2022-12-07
684,0.0,3.3522003,0.0,2022-12-08
685,0.0,3.4531493,0.0,2022-12-09
686,0.0,3.4777935,0.0,2022-12-12
687,0.0,3.4973693,0.0,2022-12-13
688,0.0,3.5420787,0.0,2022-12-14
689,0.0,3.5388846,0.0,2022-12-15
690,0.0,3.5348067,0.0,2022-12-16
691,0.0,3.537074,0.0,2022-12-19
692,0.0,3.4582806,0.0,2022-12-20
693,0.0,3.5093317,0.0,2022-12-21
694,0.0,3.53723,0.0,2022-12-22
695,0.0,3.4155533,0.0,2022-12-23
696,0.0,3.4724004,0.0,2022-12-27
697,0.0,3.5240023,0.0,2022-12-28
698,0.0,3.4855514,0.0,2022-12-29
699,0.0,3.5235116,0.0,2022-12-30
700,0.0,3.4508052,0.0,2023-01-03
701,0.0,3.5138888,0.0,2023-01-04
702,0.0,3.5390284,0.0,2023-01-05
703,0.0,3.5017755,0.0,2023-01-06
704,0.0,3.5278115,0.0,2023-01-09
705,0.0,3.5178576,0.0,2023-01-10
706,0.0,3.521317,0.0,2023-01-11
707,0.0,3.4814622,0.0,2023-01-12
708,0.0,3.5079894,0.0,2023-01-13
709,0.0,3.5152287,0.0,2023-01-17
710,0.0,3.5404184,0.0,2023-01-18
711,0.0,3.5107317,0.0,2023-01-19
712,0.0,3.5044432,0.0,2023-01-20
713,0.0,3.5114226,0.0,2023-01-23
714,0.0,3.4627821,0.0,2023-01-24
715,0.0,3.4803045,0.0,2023-01-25
716,0.0,3.4809217,0.0,2023-01-26
717,0.0,3.5031533,0.0,2023-01-27
718,0.0,3.4695146,0.0,2023-01-30
719,0.0,3.4952972,0.0,2023-01-31
720,0.0,3.5338445,0.0,2023-02-01
721,0.0,3.501555,0.0,2023-02-02
722,0.0,3.530689,0.0,2023-02-03
723,0.0,3.503096,0.0,2023-02-06
724,0.0,3.5120983,0.0,2023-02-07
725,0.0,3.485629,0.0,2023-02-08
726,0.0,3.3942704,0.0,2023-02-09
727,0.0,3.493579,0.0,2023-02-10
728,0.0,3.4511857,0.0,2023-02-13
729,0.0,3.4555187,0.0,2023-02-14
730,0.0,3.4565172,0.0,2023-02-15
731,0.0,3.3997986,0.0,2023-02-16
732,0.0,3.3771229,0.0,2023-02-17
733,0.0,3.503859,0.0,2023-02-21
734,0.0,3.3432245,0.0,2023-02-22
735,0.0,3.3181274,0.0,2023-02-23
736,0.0,3.492166,0.0,2023-02-24
737,0.0,3.4168344,0.0,2023-02-27
738,0.0,3.2345185,0.0,2023-02-28
739,0.0,3.4412339,0.0,2023-03-01
740,0.0,3.4543366,0.0,2023-03-02
741,0.0,3.5172794,0.0,2023-03-03
742,0.0,3.5293515,0.0,2023-03-06
743,0.0,3.4894576,0.0,2023-03-07
744,0.0,3.4941912,0.0,2023-03-08
745,0.0,3.4711943,0.0,2023-03-09
746,0.0,3.4782465,0.0,2023-03-10
747,0.0,3.471158,0.0,2023-03-13
748,0.0,3.4946744,0.0,2023-03-14
749,0.0,3.4742498,0.0,2023-03-15
750,0.0,3.5275877,0.0,2023-03-16
751,0.0,3.5419333,0.0,2023-03-17
752,0.0,3.4230282,0.0,2023-03-20
753,0.0,3.5295663,0.0,2023-03-21
754,0.0,3.5372777,0.0,2023-03-22
755,0.0,3.5196128,0.0,2023-03-23
756,0.0,3.258346,0.0,2023-03-24
757,0.0,3.5183897,0.0,2023-03-27
758,0.0,3.4248288,0.0,2023-03-28
759,0.0,3.528748,0.0,2023-03-29
760,0.0,3.5291736,0.0,2023-03-30
761,0.0,3.5286589,0.0,2023-03-31
762,0.0,3.5186112,0.0,2023-04-03
763,0.0,3.3788092,0.0,2023-04-04
764,0.0,3.489912,0.0,2023-04-05
765,0.0,3.442032,0.0,2023-04-06
766,0.0,3.5266993,0.0,2023-04-10
767,0.0,3.4959424,0.0,2023-04-11
768,0.0,3.5233526,0.0,2023-04-12
769,0.0,3.5361838,0.0,2023-04-13
770,0.0,3.4644837,0.0,2023-04-14
771,0.0,3.43522,0.0,2023-04-17
772,0.0,3.5108678,0.0,2023-04-18
773,0.0,3.433432,0.0,2023-04-19
774,0.0,3.495755,0.0,2023-04-20
775,0.0,3.4752061,0.0,2023-04-21
776,0.0,3.4037015,0.0,2023-04-24
777,0.0,3.4184632,0.0,2023-04-25
778,0.0,3.2508035,0.0,2023-04-26
779,0.0,3.5295563,0.0,2023-04-27
780,0.0,3.5360305,0.0,2023-04-28
781,0.0,3.5074277,0.0,2023-05-01
782,0.0,3.420392,0.0,2023-05-02
783,0.0,3.4937248,0.0,2023-05-03
784,0.0,3.5089889,0.0,2023-05-04
785,0.0,3.53261,0.0,2023-05-05
786,0.0,3.4694364,0.0,2023-05-08
787,0.0,3.4889767,0.0,2023-05-09
788,0.0,3.5209467,0.0,2023-05-10
789,0.0,3.53659,0.0,2023-05-11
790,0.0,3.53938,0.0,2023-05-12
791,0.0,3.447339,0.0,2023-05-15
792,0.0,3.5317092,0.0,2023-05-16
793,0.0,3.518755,0.0,2023-05-17
794,0.0,3.5408566,0.0,2023-05-18
795,0.0,3.528229,0.0,2023-05-19
796,0.0,3.5370793,0.0,2023-05-22
797,0.0,3.5366092,0.0,2023-05-23
798,0.0,3.536328,0.0,2023-05-24
799,0.0,3.5275528,0.0,2023-05-25
800,0.0,3.5429335,0.0,2023-05-26
801,0.0,3.5392594,0.0,2023-05-30
802,0.0,3.5369315,0.0,2023-05-31
803,0.0,3.5131261,0.0,2023-06-01
804,0.0,3.5029464,0.0,2023-06-02
805,0.0,3.5394933,0.0,2023-06-05
806,0.0,3.531933,0.0,2023-06-06
807,0.0,3.5450606,0.0,2023-06-07
808,0.0,3.543771,0.0,2023-06-08
809,0.0,3.5032456,0.0,2023-06-09
810,0.0,3.5422776,0.0,2023-06-12
811,0.0,3.5403595,0.0,2023-06-13
812,0.0,3.5306072,0.0,2023-06-14
813,0.0,3.5383317,0.0,2023-06-15
814,0.0,3.545698,0.0,2023-06-16
815,0.0,3.5211082,0.0,2023-06-20
816,0.0,3.5158248,0.0,2023-06-21
817,0.0,3.5392032,0.0,2023-06-22
818,0.0,3.5282173,0.0,2023-06-23
819,0.0,3.5364263,0.0,2023-06-26
820,0.0,3.4722424,0.0,2023-06-27
821,0.0,3.5276272,0.0,2023-06-28
822,0.0,3.525151,0.0,2023-06-29
823,0.0,3.5269914,0.0,2023-06-30
824,0.0,3.536261,0.0,2023-07-03
825,0.0,3.5073273,0.0,2023-07-05
826,0.0,3.5262454,0.0,2023-07-06
827,0.0,3.4629333,0.0,2023-07-07
828,0.0,3.533423,0.0,2023-07-10
829,0.0,3.5207126,0.0,2023-07-11
830,0.0,3.4783278,0.0,2023-07-12
831,0.0,3.4984026,0.0,2023-07-13
832,0.0,3.5267482,0.0,2023-07-14
833,0.0,3.511651,0.0,2023-07-17
834,0.0,3.4642131,0.0,2023-07-18
835,0.0,3.535512,0.0,2023-07-19
836,0.0,3.5358493,0.0,2023-07-20
837,0.0,3.4609785,0.0,2023-07-21
838,0.0,3.5413392,0.0,2023-07-24
839,0.0,3.505239,0.0,2023-07-25
840,0.0,3.5068815,0.0,2023-07-26
841,0.0,3.474043,0.0,2023-07-27
842,0.0,3.5176122,0.0,2023-07-28
843,0.0,3.5267897,0.0,2023-07-31
844,0.0,3.5236297,0.0,2023-08-01
845,0.0,3.5173736,0.0,2023-08-02
846,0.0,3.498128,0.0,2023-08-03
847,0.0,3.5322518,0.0,2023-08-04
848,0.0,3.527895,0.0,2023-08-07
849,0.0,3.5379362,0.0,2023-08-08
850,0.0,3.5367548,0.0,2023-08-09
851,0.0,3.5325356,0.0,2023-08-10
852,0.0,3.5439517,0.0,2023-08-11
853,0.0,3.523024,0.0,2023-08-14
854,0.0,3.5219815,0.0,2023-08-15
855,0.0,3.5320082,0.0,2023-08-16
856,0.0,3.529733,0.0,2023-08-17
857,0.0,3.5142791,0.0,2023-08-18
858,0.0,3.4687014,0.0,2023-08-21
859,0.0,3.538707,0.0,2023-08-22
860,0.0,3.523115,0.0,2023-08-23
861,0.0,3.4899569,0.0,2023-08-24
862,0.0,3.500851,0.0,2023-08-25
863,0.0,3.4741697,0.0,2023-08-28
864,0.0,3.516798,0.0,2023-08-29
865,0.0,3.5074701,0.0,2023-08-30
866,0.0,3.448213,0.0,2023-08-31
867,0.0,3.508359,0.0,2023-09-01
868,0.0,3.5012815,0.0,2023-09-05
869,0.0,3.5056422,0.0,2023-09-06
870,0.0,3.486584,0.0,2023-09-07
871,0.0,3.5223556,0.0,2023-09-08
872,0.0,3.529217,0.0,2023-09-11
873,0.0,3.5105796,0.0,2023-09-12
874,0.0,3.5041828,0.0,2023-09-13
875,0.0,3.481445,0.0,2023-09-14
876,0.0,3.4757109,0.0,2023-09-15
877,0.0,3.5278444,0.0,2023-09-18
878,0.0,3.3847847,0.0,2023-09-19
879,0.0,3.5231802,0.0,2023-09-20
880,0.0,3.4515786,0.0,2023-09-21
881,0.0,3.3914895,0.0,2023-09-22
882,0.0,3.4003394,0.0,2023-09-25
883,0.0,3.427979,0.0,2023-09-26
884,0.0,3.4659324,0.0,2023-09-27
885,0.0,3.4547944,0.0,2023-09-28
886,0.0,3.4271138,0.0,2023-09-29
887,0.0,3.4840074,0.0,2023-10-02
888,0.0,3.486286,0.0,2023-10-03
889,0.0,3.4549167,0.0,2023-10-04
890,0.0,3.3461747,0.0,2023-10-05
891,0.0,3.4517043,0.0,2023-10-06
892,0.0,3.504332,0.0,2023-10-09
893,0.0,3.5379043,0.0,2023-10-10
894,0.0,3.5383823,0.0,2023-10-11
895,0.0,3.4961498,0.0,2023-10-12
896,0.0,3.5237017,0.0,2023-10-13
897,0.0,3.4724107,0.0,2023-10-16
898,0.0,3.534677,0.0,2023-10-17
899,0.0,3.5234053,0.0,2023-10-18
900,0.0,3.4509368,0.0,2023-10-19
901,0.0,3.5392864,0.0,2023-10-20
902,0.0,3.524878,0.0,2023-10-23
903,0.0,3.525135,0.0,2023-10-24
904,0.0,3.5390975,0.0,2023-10-25
905,0.0,3.54071,0.0,2023-10-26
906,0.0,3.5436077,0.0,2023-10-27
907,0.0,3.5426672,0.0,2023-10-30
908,0.0,3.535261,0.0,2023-10-31
909,0.0,3.5396392,0.0,2023-11-01
910,0.0,3.5418446,0.0,2023-11-02
911,0.0,3.5352836,0.0,2023-11-03
912,0.0,3.5369718,0.0,2023-11-06
913,0.0,3.541177,0.0,2023-11-07
914,0.0,3.5453916,0.0,2023-11-08
915,0.0,3.5388367,0.0,2023-11-09
916,0.0,3.5311632,0.0,2023-11-10
917,0.0,3.5335605,0.0,2023-11-13
918,0.0,3.5436354,0.0,2023-11-14
919,0.0,3.5347497,0.0,2023-11-15
920,0.0,3.497808,0.0,2023-11-16
921,0.0,3.527752,0.0,2023-11-17
922,0.0,3.5375183,0.0,2023-11-20
923,0.0,3.5174727,0.0,2023-11-21
